              precision    recall  f1-score   support

           0       0.99      0.97      0.98       120
           1       1.00      0.60      0.75        10
           2       0.00      0.00      0.00         2
           3       0.00      0.00      0.00         3
           4       1.00      0.88      0.93         8
           5       0.87      0.93      0.90        14
           6       0.99      0.99      0.99        92
           7       0.99      1.00      0.99      1634
           9       1.00      0.97      0.99        74
          10       1.00      0.99      0.99       385
          11       1.00      1.00      1.00         1
          12       1.00      0.96      0.98        53

    accuracy                           0.99      2396
   macro avg       0.82      0.77      0.79      2396
weighted avg       0.99      0.99      0.99      2396
