              precision    recall  f1-score   support

           0       1.00      0.50      0.67         2
           1       0.88      0.70      0.78        10
           2       1.00      0.96      0.98        72
           3       0.98      0.93      0.95        44
           4       1.00      0.99      0.99       362
           5       1.00      0.89      0.94        63
           6       0.98      0.96      0.97        90
           7       1.00      0.90      0.95        20
           8       1.00      1.00      1.00        34
           9       1.00      1.00      1.00        24
          10       1.00      0.97      0.98        91
          11       1.00      0.91      0.95        11
          12       1.00      0.91      0.95        11
          13       1.00      1.00      1.00         2
          14       1.00      1.00      1.00        10
          15       0.96      0.98      0.97       804
          16       0.98      0.99      0.98       214
          17       0.94      0.97      0.96       532

    accuracy                           0.97      2396
   macro avg       0.98      0.92      0.95      2396
weighted avg       0.97      0.97      0.97      2396
