              precision    recall  f1-score   support

           0       0.83      0.56      0.67         9
           1       0.97      0.98      0.97       975
           2       0.89      0.74      0.81        23
           3       1.00      0.74      0.85        27
           4       0.97      0.97      0.97       345
           5       0.97      0.97      0.97      1017

    accuracy                           0.97      2396
   macro avg       0.94      0.83      0.87      2396
weighted avg       0.97      0.97      0.97      2396
