              precision    recall  f1-score   support

           0       1.00      0.91      0.95        11
           1       1.00      0.75      0.86         4
           2       1.00      0.67      0.80         6
           3       1.00      0.89      0.94         9
           4       1.00      0.25      0.40         4
           5       0.99      0.95      0.97        88
           6       1.00      1.00      1.00         1
           7       1.00      0.96      0.98        54
           8       1.00      1.00      1.00         3
           9       1.00      0.88      0.93        16
          10       1.00      0.50      0.67         2
          12       1.00      0.88      0.93         8
          13       1.00      0.75      0.86         8
          14       1.00      1.00      1.00         2
          15       1.00      0.94      0.97        16
          16       1.00      0.83      0.91        29
          17       0.00      0.00      0.00         3
          18       1.00      0.80      0.89         5
          19       1.00      1.00      1.00         1
          20       1.00      1.00      1.00         2
          21       0.86      0.96      0.91        26
          22       1.00      0.95      0.97        39
          23       1.00      1.00      1.00         3
          24       1.00      0.25      0.40         4
          25       0.97      0.99      0.98       182
          26       0.00      0.00      0.00         2
          29       1.00      0.20      0.33         5
          30       0.98      1.00      0.99      1828
          31       1.00      0.91      0.95        22
          32       1.00      0.77      0.87        13

    accuracy                           0.98      2396
   macro avg       0.93      0.77      0.82      2396
weighted avg       0.98      0.98      0.98      2396
